10
100
107
108
11
110
111
112
113
114
115
117
118
119
12
120
121
122
123
124
125
126
127
128
13
130
131
132
134
135
14
141
142
143
144
145
146
149
15
150
151
152
153
154
155
156
157
158
16
163
164
165
167
168
169
170
171
172
174
175
176
177
178
18
180
181
182
183
184
185
186
187
188
189
190
191
192
194
195
2
20
203
204
205
206
207
208
209
21
210
211
212
213
214
215
216
217
218
219
220
221
223
224
225
226
227
228
229
23
230
231
232
235
236
237
238
239
24
240
241
242
243
245
246
247
248
25
250
251
252
253
254
255
256
258
259
26
260
261
262
263
264
265
266
267
268
269
27
270
271
272
273
274
275
276
277
278
279
280
281
282
283
284
285
286
287
288
289
295
296
297
298
299
3
301
302
303
304
305
306
307
308
309
31
310
311
312
313
314
315
316
317
318
319
32
320
325
326
327
328
329
33
331
332
333
334
335
336
337
338
339
340
341
342
343
344
345
346
347
348
349
35
350
351
352
353
354
355
356
357
358
359
360
361
362
363
364
365
366
38
382
383
384
385
386
387
388
389
39\
390
391
392
393
394
395
396
397
398
399
40
400
401
402
403
404
405
406
407
408
409
41
411
412
413
414
415
416
417
418
419
420
421
422
424
425
426
427
428
429
43
430
431
44
45
46
47
5
6
60
61
62
64
65
66
67
68
69
7
70
71
72
73
74
75
76
77
78
80
81
85
87
89
91
